20
-5.0000000000  0.0384615385
-4.4736842105  0.0475876615
-3.9473684211  0.0603073839
-3.4210526316  0.0787178369
-2.8947368421  0.1066154755
-2.3684210526  0.1512992456
-1.8421052632  0.2276166456
-1.3157894737  0.3661257606
-0.7894736842  0.6160409556
-0.2631578947  0.9352331606
0.2631578947  0.9352331606
0.7894736842  0.6160409556
1.3157894737  0.3661257606
1.8421052632  0.2276166456
2.3684210526  0.1512992456
2.8947368421  0.1066154755
3.4210526316  0.0787178369
3.9473684211  0.0603073839
4.4736842105  0.0475876615
5.0000000000  0.0384615385
